version https://git-lfs.github.com/spec/v1
oid sha256:cdc35a85c44117936de5fe1c65226a7c74f04407e0510e7134e92146a87ee9f2
size 53548
