version https://git-lfs.github.com/spec/v1
oid sha256:e2ec56814b90a9f55f3225016cae039e94800cd859a893d608e453fe39c1a71d
size 13036
