version https://git-lfs.github.com/spec/v1
oid sha256:efddb205531278425d9e7e7488c85e2dd2ac3789341685d730b448277545b4a9
size 10663
