version https://git-lfs.github.com/spec/v1
oid sha256:1f2dd764810cee5fc4ca63e3908fb9a8cd4d52c6f89ea87454c9b7bf77833c1d
size 614
