version https://git-lfs.github.com/spec/v1
oid sha256:804c3aa3789ee580fafb31c743d53b6d0efef037c449c72433d8fe6221e98e43
size 9218
