version https://git-lfs.github.com/spec/v1
oid sha256:fcea1e9ef59808091c239db57c7e7ecb69936f7258799709f26a01d46b38eb6d
size 48960
