version https://git-lfs.github.com/spec/v1
oid sha256:84b0fcfc8662d0e1d4e8312c4f794c1f1fd45d263b0b55435b21fb0bb3e2dd44
size 15273
