version https://git-lfs.github.com/spec/v1
oid sha256:a98cdaff9a9d9830684da7762c3534454128817ae6fd9b32fa247c0bdbc95167
size 9150
