version https://git-lfs.github.com/spec/v1
oid sha256:1f2dd6ad4c9cb95514fff37510f7c169e7ed884bd888070df5d11b5f0090c166
size 11548
