version https://git-lfs.github.com/spec/v1
oid sha256:402eb2636fdc3752138fd934bc249f96cf3982e91473934ff0088df95a6872c5
size 12343
