version https://git-lfs.github.com/spec/v1
oid sha256:1a2f075f271497303f0fc2a42eb63007032db5fdfae24870149c40d9727e4ed2
size 424
